FMCADC_CONF_ACQ_POST_SAMP: 1000
FMCADC_CONF_ACQ_PRE_SAMP: 0
FMCADC_CONF_ACQ_N_SHOTS: 1
Plot channel 1
FMCADC_CONF_CHN_RANGE: 69
adc_wait_thread_ready
    0       -3226    -59    -53    -52
    1       -3203    -63    -34    -52
    2       -3222    -59    -45    -48
    3       -2717    -48    -41    -63
    4        2340    -33    -34    -63
    5        5693    -21    -37    -63
    6        3889    -44    -30    -55
    7        2575    -40    -26    -44
    8        3107    -55    -30    -63
    9        3481    -63    -26    -59
   10        3301    -48    -30    -48
   11        3197    -55    -22    -44
   12        3230    -48    -37    -48
   13        3279    -40    -34    -52
   14        3245    -52    -37    -67
   15        3242    -55    -37    -59
   16        3249    -52    -30    -63
   17        3245    -48    -18    -48
   18        3230    -52    -22    -44
   19        3245    -25    -15    -52
   20        3245    -33    -11    -40
   21        3238    -52    -18    -25
   22        3227    -44    -22    -52
   23        3223    -48    -15    -52
   24        3230    -44    -26    -52
   25        3234    -48    -30    -33
   26        3234    -44    -18    -40
   27        3238    -48    -11    -36
   28        3242    -44    -15    -44
   29        3234    -40    -11    -52
   30        3230    -52    -15    -33
   31        3230    -52    -30    -33
   32        3234    -44    -22    -44
   33        3230    -29    -30    -40
   34        3234    -36    -15    -40
   35        3230    -48    -15    -44
   36        3230    -33    -30    -48
   37        3219    -48    -30    -52
   38        3227    -40    -34    -40
   39        3230    -36    -26    -52
   40        3167    -40    -22    -52
   41        -262    -59    -30    -40
   42       -5254    -78    -26    -40
   43       -4727    -55    -22    -63
   44       -2709    -44    -18    -44
   45       -2855    -33    -11    -44
   46       -3432    -52    -37    -52
   47       -3379    -40    -18    -59
   48       -3200    -33    -22    -48
   49       -3215    -44    -30    -44
   50       -3241    -48    -26    -55
   51       -3241    -59    -45    -63
   52       -3241    -55    -26    -55
   53       -3229    -44    -22    -59
   54       -3244    -52    -18    -63
   55       -3237    -36    -34    -55
   56       -3173    -33    -34    -67
   57       -3215    -48    -30    -55
   58       -3237    -40    -37    -67
   59       -3226    -40    -37    -52
   60       -3222    -55    -26    -59
   61       -3226    -40    -30    -55
   62       -3215    -63    -18    -63
   63       -3222    -63    -30    -71
   64       -3215    -59    -37    -48
   65       -3215    -63    -37    -44
   66       -3222    -48    -34    -63
   67       -3218    -44    -37    -59
   68       -3207    -67    -34    -55
   69       -3222    -52    -26    -67
   70       -3222    -55    -45    -52
   71       -3226    -44    -26    -59
   72       -3215    -40    -22    -55
   73       -3211    -59    -37    -55
   74       -3222    -40    -37    -63
   75       -3218    -44    -18    -71
   76       -3218    -59    -30    -55
   77       -3215    -52    -30    -52
   78       -3226    -44    -26    -59
   79       -3211    -59    -34    -55
   80       -3218    -33    -30    -67
   81       -3203    -40    -34    -59
   82       -3211    -52    -30    -48
   83       -3222    -63    -37    -59
   84       -3203    -55    -37    -52
   85       -3215    -59    -34    -63
   86       -3229    -44    -34    -63
   87       -3211    -55    -41    -55
   88       -3218    -44    -34    -63
   89       -3218    -48    -34    -55
   90       -3215    -44    -34    -59
   91       -3207    -52    -45    -63
   92       -3218    -52    -37    -55
   93       -3203    -52    -49    -55
   94       -3211    -63    -26    -67
   95       -3222    -48    -49    -63
   96       -3203    -48    -34    -55
   97       -3211    -52    -37    -59
   98       -3203    -67    -30    -59
   99       -3200    -44    -37    -67
  100       -3218    -59    -26    -71
  101       -3211    -71    -26    -52
  102       -3203    -52    -30    -63
  103       -2713    -48    -34    -59
  104        2347    -33    -30    -59
  105        5667    -36    -22    -59
  106        3882    -36    -41    -55
  107        2568    -48    -37    -55
  108        3111    -40    -37    -59
  109        3485    -52    -30    -67
  110        3301    -44    -18    -59
  111        3182    -36    -15    -36
  112        3245    -52    -30    -44
  113        3268    -44    -34    -52
  114        3260    -44    -34    -52
  115        3238    -48    -26    -52
  116        3242    -63    -37    -48
  117        3257    -55    -34    -55
  118        3245    -52    -30    -59
  119        3230    -44    -26    -67
  120        3238    -44    -30    -48
  121        3238    -52    -22    -59
  122        3230    -48    -22    -44
  123        3223    -48    -18    -48
  124        3234    -48    -34    -48
  125        3238    -44    -18    -33
  126        3234    -40    -37    -40
  127        3230    -44    -37    -59
  128        3227    -48    -18    -48
  129        3227    -36    -34    -59
  130        3230    -29    -26    -55
  131        3230    -40    -26    -44
  132        3230    -52    -26    -48
  133        3230    -48    -26    -44
  134        3234    -33    -22    -55
  135        3223    -52    -26    -44
  136        3219    -36    -30    -40
  137        3234    -36    -18    -40
  138        3223    -52    -30    -55
  139        3223    -52    -26    -67
  140        3148    -36    -37    -55
  141        -247    -52    -26    -40
  142       -5209    -67    -18    -48
  143       -4715    -55    -26    -48
  144       -2728    -44    -26    -44
  145       -2851    -52    -22    -52
  146       -3428    -40    -30    -55
  147       -3364    -55    -30    -63
  148       -3185    -48    -26    -44
  149       -3211    -36    -34    -52
  150       -3256    -44    -45    -59
  151       -3259    -55    -30    -48
  152       -3229    -48    -49    -67
  153       -3229    -55    -37    -48
  154       -3233    -40    -30    -55
  155       -3233    -52    -30    -63
  156       -3218    -44    -30    -52
  157       -3222    -48    -41    -55
  158       -3222    -52    -53    -40
  159       -3215    -44    -53    -40
  160       -3218    -52    -49    -67
  161       -3215    -44    -41    -63
  162       -3222    -59    -30    -55
  163       -3218    -52    -34    -52
  164       -3222    -48    -26    -71
  165       -3226    -44    -37    -55
  166       -3211    -52    -41    -59
  167       -3218    -59    -34    -52
  168       -3222    -59    -37    -59
  169       -3229    -55    -30    -63
  170       -3211    -63    -34    -67
  171       -3211    -48    -30    -55
  172       -3229    -44    -53    -55
  173       -3207    -44    -49    -48
  174       -3211    -44    -34    -59
  175       -3215    -55    -26    -59
  176       -3211    -55    -30    -63
  177       -3215    -67    -34    -67
  178       -3218    -55    -41    -63
  179       -3218    -63    -34    -67
  180       -3215    -48    -45    -52
  181       -3215    -44    -41    -59
  182       -3218    -48    -45    -55
  183       -3207    -52    -41    -67
  184       -3211    -55    -37    -67
  185       -3215    -44    -45    -55
  186       -3218    -44    -30    -59
  187       -3215    -63    -37    -74
  188       -3207    -52    -26    -48
  189       -3203    -55    -30    -59
  190       -3200    -48    -34    -74
  191       -3233    -71    -53    -63
  192       -3207    -55    -34    -63
  193       -3211    -40    -41    -63
  194       -3215    -52    -37    -63
  195       -3203    -63    -30    -59
  196       -3215    -52    -37    -59
  197       -3207    -52    -41    -55
  198       -3215    -55    -37    -59
  199       -3215    -52    -37    -52
  200       -3207    -52    -30    -59
  201       -3207    -52    -37    -55
  202       -3207    -48    -34    -55
  203       -2724    -52    -34    -63
  204        2340    -10    -41    -55
  205        5693    -14    -37    -59
  206        3874    -44    -30    -67
  207        2575    -55    -30    -67
  208        3126    -59    -34    -74
  209        3477    -55    -41    -59
  210        3301    -48    -30    -55
  211        3189    -52    -26    -48
  212        3245    -55    -41    -67
  213        3268    -52    -37    -59
  214        3242    -48    -37    -48
  215        3234    -52    -26    -44
  216        3230    -52    -30    -40
  217        3245    -48    -34    -48
  218        3238    -67    -41    -52
  219        3245    -59    -26    -48
  220        3230    -52    -30    -52
  221        3227    -52    -34    -59
  222        3230    -48    -26    -52
  223        3238    -33    -30    -44
  224        3238    -52    -30    -63
  225        3230    -48    -22    -59
  226        3230    -48    -22    -48
  227        3223    -48    -22    -48
  228        3193    -55    -22    -52
  229        3260    -48    -22    -52
  230        3260    -44    -22    -36
  231        3223    -55    -41    -55
  232        3230    -40    -37    -55
  233        3230    -44    -30    -44
  234        3238    -55    -34    -52
  235        3227    -55    -34    -63
  236        3227    -52    -34    -67
  237        3230    -52    -30    -52
  238        3219    -48    -18    -63
  239        3227    -52    -34    -55
  240        3163    -40    -34    -55
  241        -265    -74    -26    -52
  242       -5251    -78    -30    -71
  243       -4712    -71    -37    -48
  244       -2706    -52    -34    -63
  245       -2855    -59    -22    -59
  246       -3432    -48    -22    -71
  247       -3364    -48    -49    -52
  248       -3181    -63    -45    -63
  249       -3207    -44    -30    -52
  250       -3256    -44    -37    -59
  251       -3241    -44    -22    -40
  252       -3229    -55    -37    -55
  253       -3222    -44    -45    -59
  254       -3241    -36    -41    -55
  255       -3218    -40    -41    -63
  256       -3215    -55    -34    -52
  257       -3226    -40    -30    -52
  258       -3215    -44    -37    -55
  259       -3218    -48    -41    -59
  260       -3211    -63    -45    -44
  261       -3211    -55    -34    -55
  262       -3218    -52    -41    -55
  263       -3215    -44    -34    -55
  264       -3229    -52    -37    -63
  265       -3226    -44    -37    -59
  266       -3226    -40    -37    -67
  267       -3211    -33    -30    -63
  268       -3218    -48    -34    -55
  269       -3211    -44    -49    -55
  270       -3215    -52    -26    -59
  271       -3218    -55    -26    -71
  272       -3215    -52    -30    -63
  273       -3215    -40    -41    -63
  274       -3203    -29    -34    -63
  275       -3211    -40    -26    -55
  276       -3218    -44    -45    -71
  277       -3200    -59    -30    -59
  278       -3218    -63    -49    -52
  279       -3215    -55    -22    -59
  280       -3200    -48    -34    -52
  281       -3203    -48    -26    -59
  282       -3226    -48    -30    -63
  283       -3215    -63    -56    -63
  284       -3207    -48    -30    -71
  285       -3211    -52    -30    -52
  286       -3211    -59    -37    -59
  287       -3215    -55    -41    -59
  288       -3207    -44    -26    -44
  289       -3215    -48    -34    -52
  290       -3207    -40    -49    -48
  291       -3203    -40    -41    -52
  292       -3211    -48    -34    -48
  293       -3207    -48    -37    -59
  294       -3229    -63    -37    -40
  295       -3218    -59    -26    -74
  296       -3218    -48    -18    -63
  297       -3222    -36    -22    -40
  298       -3211    -44    -26    -44
  299       -3215    -44    -41    -48
  300       -3215    -40    -18    -52
  301       -3215    -36    -34    -55
  302       -3215    -36    -26    -48
  303       -2720    -55    -22    -52
  304        2355    -10    -30    -44
  305        5686    -21    -37    -55
  306        3874    -36    -37    -33
  307        2568    -44    -34    -44
  308        3126    -25    -26    -36
  309        3481    -44    -34    -59
  310        3294    -44    -26    -67
  311        3178    -44    -37    -63
  312        3223    -44    -45    -55
  313        3260    -48    -30    -40
  314        3230    -25    -30    -55
  315        3260    -33    -41    -55
  316        3272    -33    -22    -55
  317        3249    -55    -37    -44
  318        3234    -55    -26    -55
  319        3230    -40    -30    -55
  320        3238    -44    -30    -55
  321        3230    -44    -34    -52
  322        3234    -55    -30    -52
  323        3227    -52    -34    -48
  324        3242    -33    -30    -52
  325        3238    -44    -26    -55
  326        3234    -48    -37    -36
  327        3227    -44    -30    -59
  328        3234    -52    -30    -63
  329        3238    -44    -34    -55
  330        3230    -52    -30    -48
  331        3234    -63    -34    -55
  332        3230    -40    -26    -71
  333        3227    -48    -30    -67
  334        3230    -40    -37    -55
  335        3230    -52    -41    -59
  336        3219    -48    -34    -59
  337        3227    -36    -30    -55
  338        3230    -52    -26    -44
  339        3219    -40    -34    -48
  340        3163    -48    -30    -48
  341        -269    -59    -34    -71
  342       -5251    -78    -22    -55
  343       -4715    -48    -26    -55
  344       -2717    -40    -26    -67
  345       -2851    -48    -22    -63
  346       -3420    -55    -49    -55
  347       -3372    -44    -45    -52
  348       -3188    -33    -49    -71
  349       -3215    -59    -37    -63
  350       -3248    -48    -37    -63
  351       -3241    -48    -22    -63
  352       -3218    -33    -26    -67
  353       -3229    -48    -41    -55
  354       -3226    -48    -37    -52
  355       -3226    -55    -37    -55
  356       -3229    -55    -34    -67
  357       -3215    -44    -45    -67
  358       -3226    -55    -49    -67
  359       -3222    -48    -34    -63
  360       -3215    -55    -41    -74
  361       -3218    -48    -37    -67
  362       -3218    -40    -45    -63
  363       -3211    -40    -30    -63
  364       -3203    -44    -37    -48
  365       -3237    -59    -30    -40
  366       -3207    -40    -34    -48
  367       -3211    -44    -26    -59
  368       -3207    -52    -34    -55
  369       -3218    -36    -30    -52
  370       -3222    -44    -30    -55
  371       -3215    -36    -34    -67
  372       -3207    -36    -34    -63
  373       -3211    -36    -30    -55
  374       -3215    -48    -34    -48
  375       -3211    -48    -41    -63
  376       -3207    -52    -37    -59
  377       -3215    -52    -26    -52
  378       -3211    -63    -30    -59
  379       -3211    -44    -34    -55
  380       -3218    -40    -37    -55
  381       -3218    -44    -26    -44
  382       -3218    -55    -37    -63
  383       -3207    -40    -34    -44
  384       -3215    -33    -26    -44
  385       -3207    -44    -26    -67
  386       -3207    -44    -37    -55
  387       -3215    -44    -41    -55
  388       -3196    -44    -26    -55
  389       -3203    -52    -37    -55
  390       -3211    -48    -41    -63
  391       -3200    -52    -41    -63
  392       -3218    -48    -22    -55
  393       -3207    -52    -30    -59
  394       -3207    -44    -26    -48
  395       -3211    -63    -41    -52
  396       -3203    -55    -30    -52
  397       -3215    -40    -26    -48
  398       -3203    -33    -34    -59
  399       -3211    -44    -37    -59
  400       -3215    -67    -26    -59
  401       -3222    -40    -26    -52
  402       -3222    -33    -22    -44
  403       -2668    -14    -22    -36
  404        2381    -14    -18    -52
  405        5686    -18    -18    -52
  406        3882    -40    -37    -52
  407        2575    -48    -30    -63
  408        3114    -52    -34    -52
  409        3492    -44    -26    -55
  410        3309    -48    -26    -52
  411        3200    -48    -37    -55
  412        3245    -36    -26    -55
  413        3272    -44    -37    -44
  414        3242    -44    -49    -48
  415        3234    -44    -26    -52
  416        3238    -36    -34    -52
  417        3245    -44    -30    -55
  418        3245    -44    -26    -59
  419        3234    -48    -37    -63
  420        3238    -55    -37    -67
  421        3238    -44    -26    -63
  422        3234    -48    -34    -55
  423        3234    -44    -34    -63
  424        3238    -55    -26    -55
  425        3234    -52    -41    -55
  426        3230    -59    -34    -59
  427        3223    -63    -26    -63
  428        3223    -44    -22    -59
  429        3219    -48    -30    -67
  430        3223    -55    -41    -55
  431        3223    -55    -22    -55
  432        3238    -52    -41    -52
  433        3234    -52    -22    -52
  434        3227    -29    -34    -63
  435        3234    -33    -26    -67
  436        3215    -21    -26    -55
  437        3219    -21    -26    -52
  438        3230    -36    -30    -48
  439        3227    -40    -30    -52
  440        3167    -48    -41    -48
  441        -265    -63    -34    -59
  442       -5258    -71    -37    -71
  443       -4712    -48    -37    -59
  444       -2720    -21    -34    -67
  445       -2859    -55    -34    -52
  446       -3439    -52    -34    -48
  447       -3368    -52    -30    -67
  448       -3200    -52    -34    -59
  449       -3200    -40    -30    -44
  450       -3252    -52    -34    -59
  451       -3237    -48    -34    -55
  452       -3244    -67    -41    -59
  453       -3215    -59    -30    -52
  454       -3229    -48    -30    -55
  455       -3222    -55    -34    -52
  456       -3229    -48    -49    -59
  457       -3226    -59    -34    -59
  458       -3222    -59    -30    -67
  459       -3211    -71    -34    -59
  460       -3222    -55    -41    -71
  461       -3229    -40    -34    -52
  462       -3218    -48    -34    -59
  463       -3222    -40    -37    -55
  464       -3218    -59    -41    -63
  465       -3222    -52    -34    -71
  466       -3226    -44    -26    -59
  467       -3218    -59    -41    -59
  468       -3222    -44    -41    -63
  469       -3215    -40    -30    -48
  470       -3211    -48    -34    -40
  471       -3215    -48    -37    -52
  472       -3226    -33    -30    -55
  473       -3222    -52    -30    -67
  474       -3196    -40    -18    -52
  475       -3211    -52    -26    -44
  476       -3207    -55    -22    -52
  477       -3215    -44    -34    -44
  478       -3226    -40    -45    -67
  479       -3233    -52    -34    -63
  480       -3218    -52    -34    -48
  481       -3211    -44    -30    -55
  482       -3218    -36    -26    -55
  483       -3215    -44    -26    -44
  484       -3207    -55    -37    -48
  485       -3215    -40    -22    -55
  486       -3218    -59    -37    -52
  487       -3215    -40    -30    -55
  488       -3170    -36    -30    -33
  489       -3192    -33    -37    -48
  490       -3222    -48    -34    -71
  491       -3226    -44    -37    -59
  492       -3222    -44    -34    -55
  493       -3211    -44    -26    -63
  494       -3211    -40    -37    -59
  495       -3211    -55    -37    -52
  496       -3215    -52    -45    -67
  497       -3222    -44    -26    -55
  498       -3203    -48    -26    -59
  499       -3207    -40    -41    -59
  500       -3215    -44    -30    -55
  501       -3211    -44    -37    -59
  502       -3222    -40    -30    -59
  503       -2720    -44    -37    -55
  504        2362    -10    -34    -67
  505        5689    -25    -26    -59
  506        3878    -63    -37    -63
  507        2568    -67    -37    -59
  508        3114    -55    -41    -59
  509        3481    -59    -30    -63
  510        3309    -36    -26    -63
  511        3197    -29    -37    -55
  512        3245    -44    -30    -63
  513        3272    -36    -22    -59
  514        3242    -48    -37    -44
  515        3242    -36    -49    -63
  516        3238    -36    -41    -67
  517        3249    -55    -34    -71
  518        3242    -52    -37    -59
  519        3242    -48    -30    -52
  520        3245    -48    -30    -52
  521        3238    -55    -37    -59
  522        3234    -44    -41    -63
  523        3212    -52    -41    -55
  524        3227    -40    -41    -55
  525        3238    -48    -41    -59
  526        3219    -48    -41    -48
  527        3227    -52    -26    -48
  528        3223    -55    -30    -63
  529        3230    -44    -22    -55
  530        3227    -44    -34    -55
  531        3227    -52    -34    -63
  532        3227    -48    -41    -55
  533        3215    -52    -49    -63
  534        3219    -55    -45    -55
  535        3230    -63    -34    -55
  536        3219    -44    -34    -55
  537        3215    -36    -37    -63
  538        3234    -52    -34    -74
  539        3215    -52    -37    -59
  540        3159    -36    -45    -55
  541        -280    -63    -37    -59
  542       -5269    -74    -34    -59
  543       -4719    -44    -37    -52
  544       -2720    -55    -45    -48
  545       -2851    -63    -34    -52
  546       -3435    -63    -37    -63
  547       -3372    -59    -34    -48
  548       -3196    -52    -41    -48
  549       -3211    -52    -34    -55
  550       -3256    -63    -26    -67
  551       -3263    -55    -34    -71
  552       -3241    -59    -45    -52
  553       -3241    -48    -26    -55
  554       -3244    -44    -30    -63
  555       -3244    -48    -53    -55
  556       -3229    -67    -26    -59
  557       -3226    -55    -30    -71
  558       -3237    -40    -18    -48
  559       -3229    -48    -30    -55
  560       -3226    -48    -34    -74
  561       -3233    -52    -37    -55
  562       -3207    -59    -34    -52
  563       -3226    -59    -37    -63
  564       -3222    -55    -26    -59
  565       -3226    -44    -37    -55
  566       -3229    -40    -37    -59
  567       -3226    -48    -26    -55
  568       -3226    -52    -37    -48
  569       -3218    -48    -34    -52
  570       -3207    -44    -26    -59
  571       -3222    -44    -30    -52
  572       -3226    -44    -34    -55
  573       -3222    -52    -30    -63
  574       -3215    -44    -26    -48
  575       -3226    -55    -34    -63
  576       -3241    -52    -34    -63
  577       -3207    -36    -30    -52
  578       -3166    -40    -26    -48
  579       -3207    -55    -26    -44
  580       -3215    -36    -37    -40
  581       -3207    -44    -34    -48
  582       -3215    -36    -22    -48
  583       -3215    -44    -26    -48
  584       -3207    -29    -30    -63
  585       -3226    -44    -34    -59
  586       -3203    -52    -49    -48
  587       -3218    -48    -30    -55
  588       -3192    -36    -26    -52
  589       -3218    -52    -30    -55
  590       -3211    -55    -22    -63
  591       -3207    -48    -22    -52
  592       -3203    -44    -34    -55
  593       -3207    -33    -30    -59
  594       -3211    -44    -22    -63
  595       -3200    -36    -18    -59
  596       -3222    -40    -30    -44
  597       -3207    -48    -37    -44
  598       -3203    -52    -34    -63
  599       -3211    -52    -34    -52
  600       -3215    -44    -30    -48
  601       -3203    -55    -30    -55
  602       -3200    -55    -22    -67
  603       -2709    -44    -34    -59
  604        2358    -29    -37    -40
  605        5686    -33    -41    -63
  606        3874    -52    -37    -63
  607        2575    -48    -41    -63
  608        3114    -44    -34    -59
  609        3466    -33    -37    -63
  610        3294    -44    -41    -55
  611        3182    -55    -45    -59
  612        3223    -52    -34    -44
  613        3264    -44    -41    -59
  614        3249    -63    -34    -55
  615        3227    -48    -45    -71
  616        3238    -55    -60    -78
  617        3234    -59    -56    -74
  618        3234    -55    -37    -59
  619        3227    -48    -45    -63
  620        3219    -55    -41    -52
  621        3234    -59    -34    -48
  622        3227    -52    -37    -63
  623        3223    -55    -30    -59
  624        3230    -63    -34    -67
  625        3227    -63    -41    -55
  626        3208    -44    -30    -67
  627        3245    -44    -34    -52
  628        3234    -33    -34    -55
  629        3212    -36    -30    -59
  630        3215    -52    -37    -59
  631        3230    -40    -34    -55
  632        3223    -52    -26    -52
  633        3223    -48    -41    -52
  634        3223    -40    -37    -59
  635        3212    -52    -34    -55
  636        3215    -52    -45    -29
  637        3219    -59    -34    -52
  638        3212    -48    -26    -74
  639        3219    -40    -34    -55
  640        3159    -44    -34    -55
  641        -295    -52    -34    -52
  642       -5269    -74    -18    -52
  643       -4715    -59    -34    -63
  644       -2720    -44    -22    -48
  645       -2859    -48    -26    -48
  646       -3443    -55    -34    -55
  647       -3372    -44    -30    -55
  648       -3196    -55    -30    -52
  649       -3211    -44    -37    -55
  650       -3263    -44    -30    -59
  651       -3259    -44    -26    -63
  652       -3244    -52    -30    -55
  653       -3237    -48    -41    -52
  654       -3237    -52    -30    -48
  655       -3241    -59    -15    -52
  656       -3229    -48    -34    -71
  657       -3241    -52    -22    -59
  658       -3233    -55    -26    -48
  659       -3229    -59    -22    -63
  660       -3241    -55    -26    -63
  661       -3248    -52    -30    -63
  662       -3222    -52    -26    -59
  663       -3173    -36    -45    -48
  664       -3218    -36    -34    -71
  665       -3226    -59    -30    -48
  666       -3222    -55    -34    -59
  667       -3218    -52    -34    -48
  668       -3229    -52    -30    -44
  669       -3215    -67    -26    -55
  670       -3218    -44    -30    -63
  671       -3237    -63    -41    -52
  672       -3222    -40    -37    -59
  673       -3218    -48    -18    -52
  674       -3215    -40    -41    -55
  675       -3218    -40    -30    -48
  676       -3203    -44    -30    -55
  677       -3211    -36    -22    -48
  678       -3211    -55    -34    -52
  679       -3211    -55    -45    -48
  680       -3215    -36    -45    -44
  681       -3211    -44    -41    -59
  682       -3218    -48    -34    -40
  683       -3218    -44    -30    -44
  684       -3211    -29    -30    -52
  685       -3222    -48    -26    -55
  686       -3226    -44    -41    -48
  687       -3211    -36    -45    -36
  688       -3207    -48    -34    -55
  689       -3207    -48    -30    -63
  690       -3211    -36    -26    -59
  691       -3215    -44    -34    -52
  692       -3222    -59    -45    -52
  693       -3211    -52    -34    -63
  694       -3222    -40    -26    -67
  695       -3215    -44    -18    -59
  696       -3215    -48    -37    -55
  697       -3207    -59    -37    -55
  698       -3211    -52    -18    -55
  699       -3207    -59    -30    -48
  700       -3211    -36    -41    -63
  701       -3207    -48    -34    -52
  702       -3215    -48    -30    -44
  703       -2713    -59    -26    -44
  704        2370    -33    -18    -52
  705        5697    -18    -26    -59
  706        3867    -44    -34    -52
  707        2575    -44    -18    -63
  708        3126    -44    -26    -63
  709        3474    -52    -26    -48
  710        3290    -36    -34    -48
  711        3204    -36    -34    -71
  712        3238    -55    -30    -55
  713        3260    -44    -41    -44
  714        3260    -52    -26    -59
  715        3242    -63    -37    -55
  716        3245    -48    -34    -52
  717        3242    -52    -30    -67
  718        3230    -48    -34    -52
  719        3227    -63    -30    -59
  720        3242    -63    -37    -52
  721        3242    -48    -41    -52
  722        3238    -40    -30    -48
  723        3238    -33    -26    -44
  724        3242    -48    -34    -55
  725        3234    -40    -18    -48
  726        3234    -52    -26    -52
  727        3223    -40    -30    -52
  728        3223    -44    -30    -52
  729        3219    -40    -18    -63
  730        3230    -48    -18    -52
  731        3223    -48    -30    -48
  732        3223    -48    -22    -48
  733        3227    -55    -26    -52
  734        3219    -44    -15    -55
  735        3234    -44    -37    -52
  736        3215    -52    -30    -52
  737        3234    -40    -41    -52
  738        3230    -44    -34    -55
  739        3223    -36    -34    -36
  740        3163    -48    -30    -55
  741        -284    -55    -30    -63
  742       -5262    -74    -37    -52
  743       -4700    -48    -26    -48
  744       -2713    -36    -30    -59
  745       -2866    -48    -22    -63
  746       -3435    -52    -34    -52
  747       -3387    -55    -22    -52
  748       -3215    -40    -22    -59
  749       -3166    -36    -22    -40
  750       -3233    -40    -18    -52
  751       -3256    -48    -26    -40
  752       -3233    -40    -26    -63
  753       -3233    -48    -26    -59
  754       -3244    -29    -26    -44
  755       -3229    -48    -30    -48
  756       -3218    -52    -30    -48
  757       -3226    -48    -34    -59
  758       -3218    -59    -34    -59
  759       -3222    -59    -30    -55
  760       -3222    -52    -22    -52
  761       -3226    -48    -26    -55
  762       -3222    -44    -22    -44
  763       -3222    -48    -30    -55
  764       -3226    -48    -30    -44
  765       -3222    -40    -18    -59
  766       -3229    -55    -37    -52
  767       -3200    -48    -22    -52
  768       -3207    -48    -30    -55
  769       -3218    -55    -41    -63
  770       -3218    -48    -26    -59
  771       -3222    -48    -34    -52
  772       -3211    -48    -34    -59
  773       -3207    -48    -37    -59
  774       -3211    -52    -41    -59
  775       -3203    -59    -37    -52
  776       -3207    -44    -53    -67
  777       -3211    -44    -41    -71
  778       -3215    -48    -41    -63
  779       -3222    -52    -34    -63
  780       -3207    -48    -41    -71
  781       -3215    -52    -26    -63
  782       -3211    -55    -26    -55
  783       -3211    -74    -53    -63
  784       -3211    -67    -34    -63
  785       -3207    -48    -34    -52
  786       -3207    -59    -34    -52
  787       -3207    -36    -37    -55
  788       -3218    -59    -41    -55
  789       -3207    -44    -45    -52
  790       -3215    -52    -37    -52
  791       -3215    -48    -49    -52
  792       -3218    -44    -34    -48
  793       -3215    -55    -30    -67
  794       -3211    -55    -18    -55
  795       -3203    -40    -34    -55
  796       -3211    -55    -41    -63
  797       -3222    -63    -34    -52
  798       -3196    -63    -34    -48
  799       -3229    -67    -53    -55
  800       -3215    -55    -37    -71
  801       -3200    -44    -37    -55
  802       -3203    -48    -41    -67
  803       -2709    -48    -37    -55
  804        2377    -25    -30    -71
  805        5689    -21    -22    -63
  806        3859    -44    -45    -55
  807        2572    -55    -22    -67
  808        3122    -52    -34    -48
  809        3477    -48    -34    -59
  810        3294    -33    -41    -59
  811        3193    -52    -37    -67
  812        3242    -44    -30    -55
  813        3268    -44    -41    -74
  814        3257    -71    -30    -59
  815        3230    -48    -30    -59
  816        3230    -44    -30    -63
  817        3227    -48    -26    -74
  818        3223    -48    -26    -63
  819        3230    -44    -37    -63
  820        3238    -44    -22    -48
  821        3242    -36    -41    -55
  822        3223    -52    -30    -44
  823        3219    -36    -34    -59
  824        3223    -36    -30    -44
  825        3227    -52    -37    -48
  826        3219    -55    -34    -59
  827        3227    -52    -41    -52
  828        3223    -36    -45    -67
  829        3223    -55    -22    -48
  830        3227    -52    -22    -48
  831        3227    -52    -34    -48
  832        3223    -44    -56    -59
  833        3223    -44    -37    -59
  834        3219    -48    -37    -55
  835        3212    -52    -22    -55
  836        3193    -55    -41    -59
  837        3253    -25    -22    -67
  838        3238    -29    -30    -63
  839        3219    -40    -34    -55
  840        3152    -36    -30    -52
  841        -291    -67    -15    -44
  842       -5277    -90    -34    -48
  843       -4704    -52    -34    -55
  844       -2720    -44    -37    -59
  845       -2859    -33    -30    -67
  846       -3454    -55    -22    -48
  847       -3372    -44    -37    -44
  848       -3192    -40    -34    -52
  849       -3215    -48    -30    -59
  850       -3263    -59    -37    -48
  851       -3244    -40    -22    -74
  852       -3233    -55    -37    -52
  853       -3233    -63    -37    -52
  854       -3241    -48    -49    -36
  855       -3229    -55    -30    -55
  856       -3222    -52    -26    -59
  857       -3218    -48    -26    -67
  858       -3229    -52    -34    -52
  859       -3226    -55    -30    -52
  860       -3222    -36    -34    -55
  861       -3226    -36    -30    -59
  862       -3222    -40    -30    -55
  863       -3222    -55    -26    -55
  864       -3226    -40    -34    -63
  865       -3222    -48    -49    -52
  866       -3222    -52    -30    -59
  867       -3226    -29    -18    -48
  868       -3222    -40    -41    -52
  869       -3218    -44    -34    -67
  870       -3211    -55    -26    -40
  871       -3229    -44    -37    -63
  872       -3215    -48    -41    -52
  873       -3215    -44    -37    -71
  874       -3215    -44    -30    -63
  875       -3222    -52    -22    -71
  876       -3211    -48    -18    -63
  877       -3222    -48    -30    -63
  878       -3218    -44    -34    -52
  879       -3218    -52    -22    -52
  880       -3211    -44    -26    -44
  881       -3207    -52    -26    -55
  882       -3218    -36    -30    -55
  883       -3215    -52    -30    -48
  884       -3215    -40    -22    -71
  885       -3188    -40    -34    -52
  886       -3222    -52    -34    -48
  887       -3207    -44    -41    -48
  888       -3200    -44    -37    -44
  889       -3222    -48    -37    -55
  890       -3218    -48    -45    -52
  891       -3218    -55    -37    -52
  892       -3229    -52    -37    -52
  893       -3211    -48    -37    -48
  894       -3215    -33    -45    -55
  895       -3211    -52    -41    -55
  896       -3211    -63    -30    -52
  897       -3226    -52    -30    -63
  898       -3211    -40    -41    -55
  899       -3207    -33    -37    -52
  900       -3222    -55    -34    -48
  901       -3226    -55    -26    -55
  902       -3211    -55    -30    -67
  903       -2709    -52    -41    -59
  904        2381    -25    -22    -48
  905        5682    -29    -34    -44
  906        3863    -59    -37    -55
  907        2564    -55    -41    -71
  908        3114    -40    -30    -67
  909        3474    -40    -30    -48
  910        3287    -48    -26    -55
  911        3189    -48    -34    -55
  912        3230    -55    -37    -55
  913        3268    -78    -37    -67
  914        3253    -40    -41    -48
  915        3234    -48    -41    -52
  916        3227    -52    -22    -52
  917        3234    -52    -34    -52
  918        3238    -48    -34    -55
  919        3223    -48    -41    -71
  920        3230    -44    -37    -55
  921        3223    -40    -41    -63
  922        3223    -44    -37    -74
  923        3200    -52    -22    -52
  924        3249    -40    -37    -52
  925        3275    -29    -37    -55
  926        3234    -48    -26    -63
  927        3219    -52    -30    -63
  928        3227    -55    -37    -44
  929        3227    -40    -37    -55
  930        3212    -33    -30    -63
  931        3219    -33    -45    -55
  932        3227    -44    -34    -59
  933        3212    -40    -22    -63
  934        3234    -55    -26    -52
  935        3227    -40    -30    -44
  936        3219    -44    -30    -52
  937        3219    -44    -37    -48
  938        3227    -33    -34    -63
  939        3212    -52    -15    -36
  940        3163    -63    -34    -55
  941        -2
      1 ++-----+------+-----+------+------+------+------+-----+------+-----++
        *      *      *     +*     +*   '/tmp/fmcadc.0x0100.ch1.dat' ****** +
    0.8 *+     *      *      *      *     *      *      *      *      *    ++
        *      *      *      *      *     *      *      *      *      *     |
    0.6 *+     *      *      *     **     *      *      *      *     **    ++
        ****   ****   ***    ***   ****   ****   ****   ***    ***   ****   |
    0.4 *+ *   *  *   * *    * *   ** *   *  *   *  *   * *    * *   ** *  ++
        *  *   *  *   * *    * *   *  *   *  *   *  *   * *    * *   *  *   |
    0.2 *+ *   *  *   * *    * *   *  *   *  *   *  *   * *    * *   *  *  ++
        *  *   *  *   * *    * *   *  *   *  *   *  *   * *    * *   *  *   |
      0 *+ *   *  *   * *    * *   *  *   *  *   *  *   * *    * *   *  *  ++
        *  *   *  *   * *    * *   *  *   *  *   *  *   * *    * *   *  *   |
   -0.2 *+ *   *  *   * *    * *   *  *   *  *   *  *   * *    * *   *  *  ++
        *  *   *  *   * *    * *   *  *   *  *   *  *   * *    * *   *  *   |
   -0.4 *+ *   *  *   * **   * *   *  *   *  *   *  *   * **   * *   *  *  ++
        *  *****  ***** ****** *****  *****  *****  ***** ****** *****  *****
   -0.6 ++ *      *     **     *      *      *      *     **     *      *  ++
        |  *      *     **     *      *      *      *     **     *      *   |
   -0.8 ++ *      *     *      *      *      *      *     *      *      *  ++
        +      +      +     +      +      +      +      +     +      +      +
     -1 ++-----+------+-----+------+------+------+------+-----+------+-----++
        0     100    200   300    400    500    600    700   800    900    1000

99    -67    -45    -52
  942       -5273    -71    -37    -55
  943       -4712    -48    -30    -48
  944       -2713    -52    -45    -48
  945       -2866    -52    -37    -59
  946       -3447    -44    -30    -67
  947       -3364    -44    -37    -44
  948       -3200    -40    -30    -48
  949       -3203    -44    -18    -63
  950       -3256    -48    -26    -52
  951       -3244    -48    -30    -59
  952       -3241    -48    -37    -59
  953       -3222    -52    -26    -52
  954       -3229    -48    -30    -44
  955       -3222    -52    -37    -52
  956       -3218    -55    -26    -48
  957       -3222    -52    -22    -48
  958       -3226    -40    -37    -44
  959       -3226    -52    -26    -48
  960       -3222    -48    -26    -52
  961       -3218    -44    -18    -52
  962       -3226    -40    -22    -52
  963       -3218    -36    -30    -55
  964       -3215    -52    -34    -59
  965       -3229    -40    -30    -52
  966       -3211    -33    -34    -55
  967       -3229    -52    -26    -55
  968       -3218    -55    -45    -52
  969       -3200    -48    -22    -55
  970       -3207    -44    -26    -55
  971       -3215    -40    -30    -63
  972       -3211    -48    -37    -52
  973       -3233    -55    -26    -67
  974       -3207    -40    -30    -71
  975       -3200    -44    -30    -63
  976       -3211    -48    -34    -52
  977       -3215    -52    -30    -52
  978       -3211    -48    -34    -55
  979       -3218    -44    -41    -55
  980       -3215    -44    -30    -55
  981       -3211    -33    -18    -55
  982       -3207    -44    -26    -59
  983       -3215    -55    -34    -48
  984       -3211    -36    -45    -59
  985       -3211    -48    -26    -59
  986       -3211    -33    -34    -55
  987       -3222    -48    -45    -52
  988       -3200    -40    -34    -59
  989       -3215    -52    -22    -59
  990       -3226    -63    -30    -59
  991       -3218    -44    -26    -55
  992       -3222    -36    -22    -44
  993       -3218    -48    -30    -48
  994       -3218    -44    -34    -67
  995       -3207    -48    -30    -44
  996       -3226    -48    -30    -52
  997       -3211    -55    -30    -55
  998       -3215    -55    -18    -52
  999       -3218    -40    -34    -48
