FMCADC_CONF_ACQ_POST_SAMP: 1000
FMCADC_CONF_ACQ_PRE_SAMP: 0
FMCADC_CONF_ACQ_N_SHOTS: 1
Plot channel 1
FMCADC_CONF_CHN_RANGE: 69
adc_wait_thread_ready
    0        4349    -78    -18    -44
    1        4323    -71    -18    -33
    2        4316    -71    -22    -40
    3        4293    -59    -26    -48
    4        4282    -67    -30    -48
    5        4256    -63    -22    -40
    6        4233    -67    -22    -52
    7        4230    -63    -15    -44
    8        4203    -55    -26    -48
    9        4192    -67    -26    -55
   10        4170    -63     -7    -48
   11        4147    -74    -30    -44
   12        4147    -63    -22    -48
   13        4129    -59    -26    -44
   14        4106    -63    -22    -44
   15        4084    -63    -26    -44
   16        4054    -63    -30    -52
   17        4050    -74    -34    -36
   18        4043    -86    -26    -36
   19        3998    -59    -34    -40
   20        3994    -55    -18    -36
   21        3983    -67    -26    -55
   22        3949    -67    -22    -52
   23        3945    -59    -41    -67
   24        3912    -71    -26    -52
   25        3882    -63    -37    -40
   26        3874    -55    -22    -48
   27        3855    -63    -26    -48
   28        3837    -71    -15    -67
   29        3818    -59    -30    -44
   30        3803    -63    -34    -48
   31        3769    -78    -30    -44
   32        3766    -63    -30    -40
   33        3739    -78    -37    -52
   34        3721    -55    -26    -48
   35        3691    -67    -30    -48
   36        3694    -71    -41    -52
   37        3668    -63    -37    -55
   38        3638    -67    -37    -52
   39        3627    -67    -37    -67
   40        3616    -55    -37    -59
   41        3582    -71    -15    -44
   42        3571    -48    -30    -48
   43        3541    -59    -41    -44
   44        3519    -63    -26    -52
   45        3492    -71    -37    -67
   46        3477    -71    -30    -55
   47        3459    -59    -37    -52
   48        3432    -71    -37    -63
   49        3432    -78    -30    -52
   50        3399    -63    -34    -67
   51        3369    -67    -30    -59
   52        3350    -78    -34    -59
   53        3331    -71    -49    -67
   54        3320    -59    -30    -59
   55        3290    -74    -34    -52
   56        3257    -63    -18    -63
   57        3287    -59    -34    -52
   58        3275    -63    -37    -44
   59        3212    -71    -26    -55
   60        3182    -74    -26    -55
   61        3189    -55    -37    -44
   62        3159    -71    -26    -48
   63        3133    -71    -34    -52
   64        3118    -63    -11    -55
   65        3096    -71    -18    -59
   66        3077    -55    -30    -40
   67        3051    -78    -37    -48
   68        3032    -59    -30    -59
   69        3017    -67    -37    -48
   70        2995    -67    -34    -29
   71        2980    -71    -34    -55
   72        2961    -71    -22    -59
   73        2923    -71    -15    -44
   74        2916    -63    -22    -40
   75        2890    -67    -30    -44
   76        2875    -67    -34    -52
   77        2837    -63    -26    -40
   78        2830    -78    -26    -52
   79        2811    -63    -22    -48
   80        2774    -52    -30    -52
   81        2766    -52    -30    -48
   82        2748    -63    -11    -44
   83        2733    -55    -34    -59
   84        2703    -67    -18    -52
   85        2676    -67    -26    -55
   86        2661    -59    -15    -44
   87        2635    -71    -18    -48
   88        2609    -48    -26    -52
   89        2587    -63    -26    -48
   90        2568    -71    -22    -48
   91        2557    -71    -22    -44
   92        2530    -67    -34    -48
   93        2504    -63    -26    -59
   94        2482    -55    -37    -55
   95        2463    -67    -30    -40
   96        2422    -78    -34    -48
   97        2414    -67    -34    -40
   98        2396    -63    -30    -52
   99        2377    -63    -30    -59
  100        2347    -63    -30    -55
  101        2313    -59    -18    -48
  102        2306    -71    -18    -48
  103        2302    -44    -11    -55
  104        2265    -63    -26    -59
  105        2227    -63    -30    -59
  106        2239    -52    -34    -40
  107        2197    -59    -26    -52
  108        2179    -67    -22    -48
  109        2141    -63    -18    -59
  110        2126    -71    -26    -52
  111        2100    -63    -11    -52
  112        2078    -67    -34    -55
  113        2059    -71    -37    -36
  114        2044    -63    -11    -33
  115        2018    -71    -18    -52
  116        1992    -63    -22    -44
  117        1958    -63    -30    -52
  118        1935    -59    -22    -52
  119        1920    -67    -26    -40
  120        1887    -71    -26    -36
  121        1876    -59    -26    -48
  122        1853    -74     -7    -40
  123        1816    -55    -30    -44
  124        1819    -63    -26    -44
  125        1778    -67    -26    -48
  126        1771    -78    -18    -40
  127        1737    -74    -34    -48
  128        1726    -55    -15    -33
  129        1685    -59    -30    -44
  130        1666    -48    -18    -44
  131        1643    -67    -22    -48
  132        1621    -74    -26    -44
  133        1602    -78    -41    -52
  134        1580    -67    -11    -40
  135        1561    -63    -11    -44
  136        1531    -59    -18    -52
  137        1512    -63    -15    -48
  138        1468    -59    -15    -44
  139        1453    -67    -15    -63
  140        1426    -59    -18    -55
  141        1404    -67    -26    -40
  142        1367    -55    -30    -44
  143        1434    -44    -15    -44
  144        1381    -59    -22    -33
  145        1322    -59    -22    -36
  146        1292    -63    -22    -48
  147        1273    -71    -22    -36
  148        1247    -71    -30    -44
  149        1239    -59    -15    -55
  150        1206    -63    -22    -52
  151        1191    -52    -22    -33
  152        1164    -71    -30    -36
  153        1149    -59    -26    -40
  154        1123    -74    -26    -48
  155        1090    -52    -37    -44
  156        1075    -63    -30    -36
  157        1045    -63    -30    -48
  158        1022    -52    -30    -52
  159        1000    -36    -26    -44
  160         974    -55    -34    -33
  161         947    -59    -18    -44
  162         921    -74    -15    -40
  163         906    -55    -22    -25
  164         880    -63    -18    -40
  165         872    -71    -11    -48
  166         839    -59    -18    -40
  167         828    -67    -26    -44
  168         798    -71    -18    -40
  169         768    -55    -26    -52
  170         734    -63    -22    -55
  171         719    -55    -11    -44
  172         704    -59    -15    -44
  173         670    -52    -34    -48
  174         663    -59    -26    -33
  175         629    -55    -26    -44
  176         596    -63    -26    -33
  177         584    -63    -30    -52
  178         554    -52    -15    -52
  179         539    -63    -30    -48
  180         509    -48    -37    -44
  181         468    -48    -22    -44
  182         457    -55    -22    -63
  183         435    -55    -18    -40
  184         412    -55    -11    -36
  185         393    -59    -18    -33
  186         360    -52    -26    -36
  187         341    -52    -22    -48
  188         322    -52    -26    -52
  189         292    -55    -18    -44
  190         270    -74    -30    -48
  191         232    -55    -34    -36
  192         225    -48    -18    -48
  193         199    -59    -18    -44
  194         176    -63    -26    -33
  195         150    -48    -37    -44
  196         124    -40    -45    -36
  197         101    -67    -37    -55
  198          64    -59    -26    -48
  199          42    -63    -30    -59
  200          27    -55    -22    -40
  201           0    -59    -15    -55
  202         -30    -71    -30    -63
  203         -48    -67    -22    -48
  204         -74    -59    -37    -59
  205        -101    -63    -37    -48
  206        -116    -63    -34    -63
  207        -138    -63    -22    -48
  208        -157    -74    -22    -59
  209        -198    -63    -22    -63
  210        -209    -63    -18    -44
  211        -243    -71    -37    -36
  212        -254    -67    -34    -48
  213        -288    -63    -30    -55
  214        -306    -59    -34    -44
  215        -325    -59    -18    -48
  216        -344    -59    -26    -48
  217        -378    -63    -34    -63
  218        -415    -71    -37    -55
  219        -426    -52    -34    -55
  220        -460    -55    -26    -52
  221        -471    -67    -22    -52
  222        -512    -71    -30    -59
  223        -546    -63    -26    -59
  224        -520    -59    -26    -55
  225        -520    -63    -30    -55
  226        -595    -55    -30    -55
  227        -628    -67    -22    -52
  228        -643    -67    -34    -44
  229        -655    -63    -26    -48
  230        -684    -74    -37    -52
  231        -707    -67    -22    -55
  232        -744    -55    -34    -44
  233        -756    -55    -30    -40
  234        -786    -63    -30    -52
  235        -800    -78    -41    -48
  236        -834    -59    -26    -44
  237        -853    -67    -22    -44
  238        -879    -74    -37    -48
  239        -902    -63    -37    -52
  240        -909    -52    -26    -52
  241        -928    -63    -26    -55
  242        -965    -74    -22    -52
  243        -988    -59    -26    -59
  244       -1010    -71    -34    -59
  245       -1036    -71    -34    -40
  246       -1055    -67    -15    -33
  247       -1070    -59    -11    -36
  248       -1100    -59    -34    -44
  249       -1141    -48    -37    -40
  250       -1149    -67    -26    -48
  251       -1182    -59    -22    -33
  252       -1193    -55    -18    -36
  253       -1227    -71    -30    -33
  254       -1238    -55    -15    -29
  255       -1261    -74    -18    -55
  256       -1287    -63    -26    -52
  257       -1310    -55    -26    -36
  258       -1339    -55    -22    -36
  259       -1362    -59    -30    -52
  260       -1377    -63    -22    -44
  261       -1403    -52    -18    -44
  262       -1433    -52    -18    -40
  263       -1455    -55    -26    -36
  264       -1474    -74    -30    -33
  265       -1504    -71    -11    -48
  266       -1523    -67    -26    -36
  267       -1542    -63    -18    -36
  268       -1579    -63    -15    -29
  269       -1598    -52    -18    -48
  270       -1624    -67    -30    -33
  271       -1646    -59    -30    -36
  272       -1650    -48    -18    -33
  273       -1680    -59    -15    -36
  274       -1702    -67     -3    -40
  275       -1714    -55    -11    -44
  276       -1759    -59    -18    -52
  277       -1785    -52    -15    -40
  278       -1789    -55    -11    -40
  279       -1811    -55    -11    -40
  280       -1841    -63    -34    -48
  281       -1871    -48    -18    -59
  282       -1890    -52    -22    -44
  283       -1901    -52    -30    -44
  284       -1927    -63    -18    -48
  285       -1968    -63    -26    -36
  286       -1983    -63    -15    -48
  287       -2002    -71    -26    -48
  288       -2039    -55    -26    -44
  289       -2066    -59    -30    -55
  290       -2073    -55    -34    -40
  291       -2088    -63    -11    -48
  292       -2118    -55    -34    -40
  293       -2144    -59    -30    -40
  294       -2174    -67    -34    -59
  295       -2185    -55    -26    -48
  296       -2208    -67    -30    -48
  297       -2238    -59    -22    -48
  298       -2271    -71    -30    -44
  299       -2271    -67    -22    -48
  300       -2283    -67    -18    -48
  301       -2320    -63    -30    -52
  302       -2342    -59    -30    -44
  303       -2365    -63    -22    -44
  304       -2384    -55    -18    -36
  305       -2399    -59    -30    -55
  306       -2432    -63    -15    -59
  307       -2459    -59    -15    -52
  308       -2470    -55    -30    -48
  309       -2488    -63    -30    -40
  310       -2526    -67    -26    -55
  311       -2567    -63    -30    -44
  312       -2541    -48    -18    -52
  313       -2548    -59    -26    -59
  314       -2616    -63    -30    -48
  315       -2619    -67    -30    -52
  316       -2638    -55    -22    -44
  317       -2661    -67    -26    -63
  318       -2687    -55    -30    -55
  319       -2713    -63    -26    -40
  320       -2732    -55    -30    -55
  321       -2754    -78    -30    -48
  322       -2773    -71    -34    -59
  323       -2795    -55    -30    -55
  324       -2822    -78    -22    -55
  325       -2840    -74    -30    -40
  326       -2863    -48    -26    -52
  327       -2885    -71    -34    -52
  328       -2900    -67    -11    -44
  329       -2926    -71    -30    -40
  330       -2945    -78    -11    -52
  331       -2975    -55    -26    -48
  332       -2990    -59    -30    -52
  333       -2994    -63    -22    -48
  334       -3039    -59    -30    -48
  335       -3046    -74    -22    -52
  336       -3061    -74    -30    -40
  337       -3084    -59    -26    -55
  338       -3110    -55    -22    -40
  339       -3121    -74    -22    -52
  340       -3136    -78    -30    -52
  341       -3185    -71    -15    -52
  342       -3185    -74    -22    -55
  343       -3207    -71    -37    -52
  344       -3237    -78    -37    -40
  345       -3252    -71    -30    -52
  346       -3274    -67    -30    -59
  347       -3282    -67    -22    -55
  348       -3312    -67    -18    -33
  349       -3323    -67    -22    -33
  350       -3342    -67    -18    -48
  351       -3375    -63    -18    -55
  352       -3398    -63    -18    -48
  353       -3417    -55    -15    -55
  354       -3435    -55    -22    -44
  355       -3443    -59    -15    -36
  356       -3480    -59    -22    -55
  357       -3499    -52    -26    -48
  358       -3499    -59    -15    -55
  359       -3529    -59    -30    -29
  360       -3544    -44    -22    -33
  361       -3555    -59    -22    -48
  362       -3604    -59    -26    -48
  363       -3596    -40    -18    -44
  364       -3626    -44    -22    -40
  365       -3649    -71    -22    -40
  366       -3664    -63    -22    -40
  367       -3682    -48    -11    -48
  368       -3701    -67    -34    -40
  369       -3731    -63    -22    -44
  370       -3742    -55    -30    -44
  371       -3757    -63    -18    -44
  372       -3780    -67    -18    -52
  373       -3806    -63    -26    -48
  374       -3828    -48    -30    -44
  375       -3840    -55    -15    -48
  376       -3858    -55    -22    -40
  377       -3873    -63    -26    -55
  378       -3907    -55    -18    -40
  379       -3899    -52    -26    -48
  380       -3933    -63    -22    -48
  381       -3952    -48    -30    -59
  382       -3963    -59    -26    -55
  383       -3986    -59    -26    -40
  384       -4008    -55    -30    -44
  385       -4019    -55    -18    -44
  386       -4038    -52     -7    -36
  387       -4060    -63    -22    -33
  388       -4079    -71    -22    -44
  389       -4094    -71    -18    -52
  390       -4109    -63    -22    -52
  391       -4128    -67    -30    -48
  392       -4146    -63    -22    -52
  393       -4169    -52    -11    -52
  394       -4191    -59    -34    -48
  395       -4199    -55    -30    -36
  396       -4225    -63    -30    -40
  397       -4262    -78    -34    -59
  398       -4251    -52    -37    -44
  399       -4244    -52    -22    -59
  400       -4281    -59    -15    -40
  401       -4296    -67    -22    -48
  402       -4311    -55    -34    -44
  403       -4349    -71    -18    -55
  404       -4364    -55     -3    -55
  405       -4382    -67    -41    -63
  406       -4382    -63    -22    -44
  407       -4405    -52    -15    -33
  408       -4427    -86    -53    -71
  409       -4423    -36    -22    -33
  410       -4465    -67    -26    -55
  411       -4476    -59    -30    -71
  412       -4506    -78    -37    -63
  413       -4513    -67    -30    -48
  414       -4524    -52    -11    -21
  415       -4554    -90    -30    -74
  416       -4551    -78    -37    -63
  417       -4573    -59    -11    -33
  418       -4588    -71    -30    -71
  419       -4596    -71    -34    -71
  420       -4622    -67    -37    -44
  421       -4633    -59    -22    -59
  422       -4663    -63    -22    -52
  423       -4659    -59    -30    -55
  424       -4682    -52    -22    -48
  425       -4708    -59    -41    -59
  426       -4715    -67    -37    -67
  427       -4723    -67    -18    -36
  428       -4745    -63    -22    -29
  429       -4775    -78    -34    -52
  430       -4794    -63    -22    -36
  431       -4783    -59    -22    -36
  432       -4805    -71    -41    -44
  433       -4831    -82    -22    -48
  434       -4835    -59    -34    -52
  435       -4846    -63    -18    -44
  436       -4873    -48    -18    -52
  437       -4884    -67    -22    -44
  438       -4899    -59     -3    -33
  439       -4917    -59    -22    -40
  440       -4921    -59    -18    -44
  441       -4955    -67    -26    -40
  442       -4936    -52    -18    -40
  443       -4970    -59    -34    -40
  444       -4977    -63    -26    -55
  445       -5004    -55    -30    -48
  446       -5011    -55    -18    -44
  447       -5030    -55    -11    -44
  448       -5045    -63    -18    -44
  449       -5052    -48    -22    -52
  450       -5060    -59    -15    -40
  451       -5082    -67    -11    -48
  452       -5105    -55    -26    -52
  453       -5120    -48    -22    -44
  454       -5135    -67    -30    -40
  455       -5138    -71    -26    -48
  456       -5149    -44    -22    -36
  457       -5168    -59    -18    -40
  458       -5183    -67    -15    -48
  459       -5194    -67    -18    -29
  460       -5213    -59    -18    -52
  461       -5224    -74    -11    -33
  462       -5236    -59    -15    -40
  463       -5247    -52    -22    -52
  464       -5266    -59    -37    -36
  465       -5269    -55    -18    -52
  466       -5303    -63     -7    -44
  467       -5303    -55     -3    -33
  468       -5325    -67    -18    -52
  469       -5333    -71    -18    -48
  470       -5337    -67    -22    -48
  471       -5352    -52    -18    -44
  472       -5367    -52    -15    -52
  473       -5378    -40    -18    -59
  474       -5397    -63    -26    -55
  475       -5404    -71    -30    -52
  476       -5411    -55    -22    -55
  477       -5408    -67    -18    -55
  478       -5430    -63    -18    -48
  479       -5453    -59    -30    -40
  480       -5471    -44    -11    -44
  481       -5475    -59    -22    -52
  482       -5483    -63    -18    -40
  483       -5494    -67    -11    -48
  484       -5509    -63    -30    -48
  485       -5546    -52    -15    -48
  486       -5483    -48    -11    -36
  487       -5498    -59    -11    -52
  488       -5550    -67    -18    -40
  489       -5572    -63     -7    -40
  490       -5569    -67    -18    -40
  491       -5584    -71    -34    -44
  492       -5587    -74    -22    -55
  493       -5606    -67    -15    -52
  494       -5614    -67    -34    -59
  495       -5636    -74    -22    -44
  496       -5644    -67    -34    -55
  497       -5647    -63    -37    -55
  498       -5662    -52    -22    -48
  499       -5658    -55    -34    -44
  500       -5681    -67    -22    -44
  501       -5696    -67    -30    -59
  502       -5700    -59    -34    -52
  503       -5711    -55    -26    -40
  504       -5722    -59    -22    -44
  505       -5730    -59    -22    -55
  506       -5737    -55    -22    -44
  507       -5737    -63    -26    -40
  508       -5756    -59    -34    -55
  509       -5782    -63    -18    -59
  510       -5778    -63    -26    -67
  511       -5793    -67    -37    -55
  512       -5797    -74    -37    -48
  513       -5808    -67    -26    -44
  514       -5816    -63    -18    -55
  515       -5808    -67    -34    -52
  516       -5827    -78    -22    -44
  517       -5838    -59    -37    -48
  518       -5849    -67    -34    -44
  519       -5853    -67    -22    -36
  520       -5857    -67    -15    -48
  521       -5868    -59    -11    -55
  522       -5879    -67    -30    -52
  523       -5879    -63    -26    -40
  524       -5887    -67    -30    -40
  525       -5906    -55    -30    -52
  526       -5913    -52    -22    -52
  527       -5924    -67    -11    -48
  528       -5935    -74    -22    -40
  529       -5932    -71    -22    -36
  530       -5950    -63    -22    -48
  531       -5950    -63    -18    -36
  532       -5950    -63    -22    -33
  533       -5947    -71    -22    -48
  534       -5980    -74    -26    -59
  535       -5969    -48    -18    -40
  536       -5977    -52    -30    -40
  537       -5992    -67     -3    -55
  538       -5999    -63    -15    -36
  539       -6007    -67    -18    -36
  540       -5999    -63    -26    -55
  541       -6025    -59    -26    -52
  542       -6044    -67    -30    -52
  543       -6040    -59    -41    -52
  544       -6033    -67    -26    -55
  545       -6055    -55    -18    -48
  546       -6063    -67    -26    -48
  547       -6055    -52    -37    -48
  548       -6055    -63    -11    -44
  549       -6066    -52    -22    -55
  550       -6074    -59    -26    -52
  551       -6074    -67    -30    -52
  552       -6093    -78    -30    -40
  553       -6089    -63    -22    -52
  554       -6100    -63    -18    -59
  555       -6111    -78    -18    -40
  556       -6111    -63    -18    -48
  557       -6111    -63    -26    -55
  558       -6126    -63    -30    -48
  559       -6134    -59    -26    -48
  560       -6130    -59    -18    -55
  561       -6134    -59    -22    -52
  562       -6156    -71    -18    -48
  563       -6160    -59    -30    -40
  564       -6171    -67    -26    -52
  565       -6160    -71    -26    -44
  566       -6156    -52    -18    -48
  567       -6164    -59    -26    -36
  568       -6179    -67    -22    -36
  569       -6186    -59    -22    -44
  570       -6179    -71    -37    -36
  571       -6212    -67    -22    -44
  572       -6171    -40    -22    -44
  573       -6145    -52    -22    -55
  574       -6179    -63    -15    -55
  575       -6205    -67    -18    -55
  576       -6197    -59    -26    -59
  577       -6205    -55    -22    -59
  578       -6212    -63    -30    -59
  579       -6227    -55    -18    -59
  580       -6224    -67    -11    -48
  581       -6216    -63    -22    -48
  582       -6220    -63    -30    -40
  583       -6220    -63    -18    -52
  584       -6220    -52    -37    -48
  585       -6242    -71    -30    -48
  586       -6235    -59    -30    -52
  587       -6246    -74    -26    -48
  588       -6242    -71    -26    -71
  589       -6254    -63    -37    -44
  590       -6250    -71    -26    -63
  591       -6257    -78    -30    -36
  592       -6254    -63    -37    -33
  593       -6250    -59    -22    -55
  594       -6254    -63    -26    -55
  595       -6257    -63    -34    -48
  596       -6257    -44    -26    -48
  597       -6257    -55    -26    -52
  598       -6269    -67    -15    -48
  599       -6261    -63    -26    -55
  600       -6257    -59    -26    -48
  601       -6257    -63    -30    -55
  602       -6261    -59    -26    -55
  603       -6280    -55    -22    -44
  604       -6272    -63    -30    -29
  605       -6284    -52    -15    -48
  606       -6269    -55    -26    -48
  607       -6276    -63    -30    -40
  608       -6272    -74    -34    -55
  609       -6265    -63    -15    -55
  610       -6272    -63    -22    -63
  611       -6276    -67    -37    -63
  612       -6265    -59    -26    -52
  613       -6269    -59    -26    -44
  614       -6272    -78    -34    -40
  615       -6276    -63    -18    -40
  616       -6265    -63    -37    -48
  617       -6276    -63    -26    -52
  618       -6276    -74    -22    -52
  619       -6272    -55    -18    -52
  620       -6310    -67    -15    -48
  621       -6265    -71    -22    -59
  622       -6276    -63    -22    -36
  623       -6269    -71    -15    -52
  624       -6280    -59    -11    -52
  625       -6287    -55    -15    -40
  626       -6269    -63    -18    -48
  627       -6284    -59    -26    -55
  628       -6265    -52    -15    -44
  629       -6280    -55    -26    -40
  630       -6280    -63    -15    -48
  631       -6280    -71    -30    -48
  632       -6265    -55    -30    -55
  633       -6269    -59    -11    -59
  634       -6265    -67    -15    -48
  635       -6254    -59    -34    -36
  636       -6265    -52    -26    -48
  637       -6265    -55    -11    -40
  638       -6272    -48    -18    -52
  639       -6261    -52    -18    -44
  640       -6257    -55    -26    -59
  641       -6254    -74    -34    -59
  642       -6250    -59    -26    -48
  643       -6242    -48    -26    -44
  644       -6242    -55    -18    -59
  645       -6242    -71    -26    -36
  646       -6246    -59    -30    -52
  647       -6242    -63    -37    -48
  648       -6235    -67    -22    -59
  649       -6227    -52    -34    -52
  650       -6227    -48    -18    -67
  651       -6220    -52    -26    -40
  652       -6220    -55    -26    -33
  653       -6216    -67    -26    -52
  654       -6212    -63    -22    -48
  655       -6209    -67    -34    -55
  656       -6231    -63     -7    -21
  657       -6153    -44    -22    -48
  658       -6179    -44    -26    -52
  659       -6186    -63    -15    -52
  660       -6182    -55    -30    -40
  661       -6186    -55    -34    -48
  662       -6175    -63    -34    -48
  663       -6171    -67    -11    -44
  664       -6179    -59    -11    -40
  665       -6167    -67    -37    -59
  666       -6175    -44    -22    -48
  667       -6160    -71    -18    -44
  668       -6153    -59    -26    -40
  669       -6149    -67    -26    -44
  670       -6141    -63    -22    -36
  671       -6153    -71    -11    -40
  672       -6138    -63    -15    -40
  673       -6134    -63    -34    -40
  674       -6134    -59    -18    -52
  675       -6123    -59    -30    -55
  676       -6119    -59    -30    -44
  677       -6111    -67    -18    -48
  678       -6111    -63    -30    -52
  679       -6096    -67    -37    -63
  680       -6093    -52    -30    -48
  681       -6089    -52    -34    -48
  682       -6089    -52    -22    -44
  683       -6070    -63    -26    -52
  684       -6081    -59    -34    -48
  685       -6059    -63    -18    -52
  686       -6063    -52    -26    -52
  687       -6040    -74    -15    -52
  688       -6040    -59    -30    -55
  689       -6044    -63    -22    -44
  690       -6040    -55    -30    -48
  691       -6022    -67    -30    -48
  692       -6010    -63    -37    -48
  693       -6007    -55    -30    -48
  694       -6010    -59    -26    -44
  695       -5999    -74    -15    -52
  696       -5992    -59    -15    -44
  697       -5995    -59    -26    -55
  698       -5973    -74    -26    -44
  699       -5962    -74    -18    -44
  700       -5962    -48    -30    -44
  701       -5965    -63    -30    -63
  702       -5958    -67    -18    -55
  703       -5950    -71    -30    -48
  704       -5928    -67    -34    -48
  705       -5920    -59    -22    -48
  706       -5928    -71    -26    -55
  707       -5894    -67    -15    -44
  708       -5891    -44    -15    -48
  709       -5894    -63    -22    -55
  710       -5879    -67    -34    -44
  711       -5876    -67    -26    -59
  712       -5876    -63    -34    -36
  713       -5853    -67    -18    -52
  714       -5849    -71    -15    -48
  715       -5849    -78    -18    -48
  716       -5819    -67    -26    -48
  717       -5831    -59    -22    -52
  718       -5823    -63    -18    -67
  719       -5808    -67    -11    -52
  720       -5797    -63    -26    -48
  721       -5793    -67    -18    -55
  722       -5775    -63    -30    -55
  723       -5771    -74    -18    -55
  724       -5756    -59    -26    -44
  725       -5752    -55    -18    -52
  726       -5741    -59    -30    -52
  727       -5741    -67    -34    -44
  728       -5730    -67    -26    -48
  729       -5711    -74    -26    -59
  730       -5707    -67    -22    -52
  731       -5692    -63    -11    -44
  732       -5685    -67    -22    -44
  733       -5685    -67    -15    -48
  734       -5666    -71     -3    -52
  735       -5647    -55    -22    -52
  736       -5632    -52    -26    -40
  737       -5632    -67    -15    -55
  738       -5636    -59    -15    -67
  739       -5632    -63    -26    -52
  740       -5602    -67    -22    -55
  741       -5542    -48    -15    -48
  742       -5584    -52    -18    -40
  743       -5580    -59    -22    -29
  744       -5569    -59    -34    -52
  745       -5550    -63    -34    -59
  746       -5539    -55    -18    -44
  747       -5524    -52    -22    -52
  748       -5505    -48    -30    -52
  749       -5509    -67    -30    -52
  750       -5490    -63    -26    -59
  751       -5479    -55    -30    -48
  752       -5460    -63    -26    -59
  753       -5445    -55    -30    -36
  754       -5426    -59    -18    -36
  755       -5423    -67    -26    -44
  756       -5426    -63    -18    -44
  757       -5397    -63    -26    -48
  758       -5400    -63    -30    -55
  759       -5389    -55    -26    -40
  760       -5370    -74    -15    -44
  761       -5363    -63    -26    -52
  762       -5344    -52     -7    -52
  763       -5329    -52    -18    -55
  764       -5318    -63    -26    -52
  765       -5303    -63    -22    -48
  766       -5292    -59    -22    -52
  767       -5277    -55    -37    -52
  768       -5273    -67    -11    -44
  769       -5254    -59     -7    -40
  770       -5247    -59    -18    -44
  771       -5232    -67    -37    -44
  772       -5221    -63    -30    -59
  773       -5202    -52    -30    -52
  774       -5191    -55    -22    -44
  775       -5176    -63    -37    -67
  776       -5161    -67    -45    -55
  777       -5146    -71    -34    -48
  778       -5142    -78    -26    -52
  779       -5127    -78    -18    -63
  780       -5120    -63    -15    -59
  781       -5105    -63    -30    -55
  782       -5086    -55    -26    -52
  783       -5071    -63    -22    -40
  784       -5056    -59    -26    -48
  785       -5033    -55    -37    -48
  786       -5018    -71    -18    -59
  787       -5026    -59    -22    -48
  788       -4996    -63    -18    -44
  789       -4981    -71    -22    -55
  790       -4962    -67    -26    -52
  791       -4951    -63    -22    -44
  792       -4951    -71    -22    -55
  793       -4917    -63    -26    -44
  794       -4906    -63    -18    -52
  795       -4887    -52    -11    -48
  796       -4880    -55    -22    -52
  797       -4850    -52    -22    -52
  798       -4850    -71     -7    -36
  799       -4843    -67    -15    -52
  800       -4824    -74    -18    -48
  801       -4801    -63    -34    -52
  802       -4794    -59    -26    -52
  803       -4779    -55    -22    -44
  804       -4768    -63    -15    -48
  805       -4742    -52    -11    -55
  806       -4730    -63    -26    -40
  807       -4712    -59    -30    -55
  808       -4697    -67    -26    -44
  809       -4682    -67    -37    -40
  810       -4682    -52    -30    -36
  811       -4659    -52    -22    -55
  812       -4633    -59    -26    -55
  813       -4614    -71    -37    -40
  814       -4603    -67    -37    -55
  815       -4592    -63    -15    -48
  816       -4569    -63    -18    -48
  817       -4562    -71    -22    -55
  818       -4539    -63    -34    -44
  819       -4517    -67    -30    -55
  820       -4509    -52    -26    -40
  821       -4502    -59    -30    -40
  822       -4480    -59    -18    -44
  823       -4465    -55    -18    -48
  824       -4431    -74    -15    -44
  825       -4416    -63    -18    -40
  826       -4416    -63    -22    -55
  827       -4356    -55    -11    -44
  828       -4330    -48    -11    -33
  829       -4341    -55    -37    -63
  830       -4341    -48    -34    -48
  831       -4311    -55    -15    -44
  832       -4296    -59    -30    -44
  833       -4274    -55    -22    -40
  834       -4262    -52    -22    -40
  835       -4240    -52    -30    -44
  836       -4229    -52    -11    -40
  837       -4203    -52    -11    -48
  838       -4206    -71    -34    -52
  839       -4180    -55    -15    -40
  840       -4158    -55    -18    -36
  841       -4139    -63    -26    -44
  842       -4128    -67    -22    -52
  843       -4102    -63    -18    -44
  844       -4064    -59    -26    -44
  845       -4075    -59    -30    -48
  846       -4057    -59    -37    -52
  847       -4030    -63    -30    -55
  848       -4000    -59    -26    -52
  849       -3997    -67    -18    -44
  850       -3967    -59    -18    -44
  851       -3959    -63    -18    -48
  852       -3944    -67    -22    -44
  853       -3914    -55    -22    -52
  854       -3907    -63    -22    -48
  855       -3892    -59    -22    -59
  856       -3858    -74    -26    -59
  857       -3836    -67    -26    -52
  858       -3821    -48    -34    -55
  859       -3810    -63    -34    -48
  860       -3795    -63    -41    -67
  861       -3783    -63    -34    -67
  862       -3761    -67     -7    -48
  863       -3731    -48    -22    -44
  864       -3712    -67    -30    -48
  865       -3690    -63    -26    -59
  866       -3675    -63    -30    -55
  867       -3660    -52    -22    -52
  868       -3641    -59    -26    -55
  869       -3619    -74    -26    -59
  870       -3593    -67    -30    -59
  871       -3574    -71    -37    -48
  872       -3563    -59    -22    -40
  873       -3540    -59    -26    -55
  874       -3518    -63    -30    -63
  875       -3499    -59    -30    -55
  876       -3462    -63    -37    -55
  877       -3469    -59    -30    -67
  878       -3443    -59    -34    -71
  879       -3409    -63    -22    -59
  880       -3405    -71    -22    -55
  881       -3379    -74    -30    -63
  882       -3364    -55    -34    -52
  883       -3338    -40    -30    -52
  884       -3319    -74    -30    -63
  885       -3301    -52    -15    -59
  886       -3293    -78    -22    -55
  887       -3274    -55    -26    -59
  888       -3252    -59    -15    -55
  889       -3226    -71    -34    -48
  890       -3192    -71    -26    -55
  891       -3185    -52    -34    -63
  892       -3177    -52    -34    -48
  893       -3158    -67    -30    -63
  894       -3125    -63    -22    -55
  895       -3106    -67    -37    -52
  896       -3084    -55    -30    -48
  897       -3054    -55    -26    -48
  898       -3046    -59    -26    -52
  899       -3024    -55    -26    -55
  900       -2994    -59    -22    -55
  901       -2982    -63    -18    -44
  902       -2968    -55    -26    -52
  903       -2945    -71    -34    -55
  904       -2923    -55    -18    -67
  905       -2896    -52    -30    -63
  906       -2885    -59    -37    -67
  907       -2859    -59    -30    -63
  908       -2837    -71    -30    -52
  909       -2822    -63    -34    -52
  910       -2795    -59    -34    -55
  911       -2777    -71    -34    -59
  912       -2754    -63    -15    -63
  913       -2758    -67    -37    -59
  914       -2661    -52    -11    -48
  915       -2668    -59    -11    -48
  916       -2661    -67    -22    -63
  917       -2646    -59    -22    -59
  918       -2608    -59    -30    -55
  919       -2593    -59    -18    -59
  920       -2575    -71    -22    -55
  921       -2560    -59    -22    -48
  922       -2526    -59    -22    -52
  923       -2507    -48    -30    -55
  924       -2492    -59    -30    -52
  925       -2470    -59    -26    -52
  926       -2436    -48    -18    -59
  927       -2417    -67    -30    -44
  928       -2391    -71    -37    -52
  929       -2376    -67    -18    -63
  930       -2365    -63    -15    -59
  931       -2328    -55    -22    -59
  932       -2309    -63    -34    -59
  933       -2286    -63    -26    -59
  934       -2260    -63    -34    -44
  935       -2238    -52    -26    -52
  936       -2219    -59    -18    -52
  937       -2189    -44    -18    -59
  938       -2182    -59    -34    -52
  939       -2155    -67    -18    -48
  940       -2122    -67    -22    -52
  941       -21
    0.8 ++-----+------+-----+------+------+------+------+-----+------+-----++
        +      +      +     +      +    '/tmp/fmcadc.0x0100.ch1.dat' ****** +
    0.6 ***                                                                ++
        | ***                                                               |
    0.4 ++  ***                                                            ++
        |     ***                                                           |
        |       ***                                                         |
    0.2 ++        **                                                       ++
        |          ***                                                      |
      0 ++           ***                                                   ++
        |              **                                                  **
   -0.2 ++              ***                                               **+
        |                 ***                                           *** |
   -0.4 ++                  ***                                       ***  ++
        |                     ***                                   ***     |
        |                       ***                               ***       |
   -0.6 ++                        ***                           ***        ++
        |                           ****                     ****           |
   -0.8 ++                             ****               ****             ++
        +      +      +     +      +      ******** ********   +      +      +
     -1 ++-----+------+-----+------+------+------***----+-----+------+-----++
        0     100    200   300    400    500    600    700   800    900    1000

22    -82    -30    -59
  942       -2077    -63    -34    -67
  943       -2058    -59    -34    -67
  944       -2043    -55    -26    -59
  945       -2009    -63    -18    -48
  946       -1987    -59    -15    -44
  947       -1976    -67    -37    -55
  948       -1946    -59    -26    -48
  949       -1927    -63    -15    -40
  950       -1901    -52    -26    -52
  951       -1878    -63    -30    -71
  952       -1860    -55    -22    -55
  953       -1833    -55    -18    -59
  954       -1822    -63    -22    -44
  955       -1792    -59    -18    -40
  956       -1770    -59    -18    -48
  957       -1744    -59    -22    -44
  958       -1717    -36    -30    -52
  959       -1691    -44    -18    -44
  960       -1676    -55    -18    -36
  961       -1654    -48     -7    -52
  962       -1620    -55    -18    -44
  963       -1613    -63    -18    -44
  964       -1579    -52    -22    -52
  965       -1549    -52    -22    -40
  966       -1523    -59    -26    -40
  967       -1512    -71    -22    -44
  968       -1489    -52    -18    -44
  969       -1463    -52    -15    -29
  970       -1440    -63    -18    -44
  971       -1426    -59    -22    -48
  972       -1403    -55    -34    -59
  973       -1384    -48    -15    -44
  974       -1366    -44    -30    -59
  975       -1332    -59    -11    -55
  976       -1313    -71    -22    -36
  977       -1280    -59    -22    -40
  978       -1261    -59    -22    -48
  979       -1231    -52    -11    -40
  980       -1212    -52    -22    -40
  981       -1193    -67    -18    -52
  982       -1156    -67    -26    -48
  983       -1145    -67    -22    -44
  984       -1126    -52    -11    -55
  985       -1100    -59    -15    -40
  986       -1085    -55    -11    -48
  987       -1048    -67    -22    -36
  988       -1036    -55    -22    -55
  989       -1014    -59     -3    -52
  990        -984    -48    -22    -44
  991        -961    -48    -30    -36
  992        -943    -63    -26    -48
  993        -917    -48    -22    -40
  994        -887    -52    -11    -40
  995        -868    -55    -18    -40
  996        -842    -52    -11    -40
  997        -823    -67    -18    -48
  998        -812    -59     -7    -63
  999        -815    -63    -34    -52
